P = 1.5468e+03;
V = 12;
I = P/V;